Using the GPU
Loading data from data
  vocabulary size: 10000

########## Running Main Loop ##########################
Using the GPU
RNN
First layer: [0.039996977895498276, 0.039250969886779785, 0.0377032607793808, 0.03668290004134178, 0.03544052317738533, 0.03535144776105881, 0.0340891033411026, 0.033654630184173584, 0.03432830423116684, 0.03415659815073013, 0.034264806658029556, 0.034579094499349594, 0.03409448638558388, 0.031601011753082275, 0.031142782419919968, 0.030931878834962845, 0.031229566782712936, 0.03189348429441452, 0.03214060515165329, 0.03141254186630249, 0.03156454861164093, 0.03164896368980408, 0.03168894350528717, 0.030662769451737404, 0.030476287007331848, 0.029834257438778877, 0.029254430904984474, 0.029751451686024666, 0.03095932863652706, 0.030185462906956673, 0.028158722445368767, 0.027110321447253227, 0.024655412882566452, 0.020492292940616608, 0.015138499438762665]
Len first layer: 35
Second layer: [0.018962986767292023, 0.01905764825642109, 0.018883123993873596, 0.01870482787489891, 0.018415672704577446, 0.018138350918889046, 0.017543653026223183, 0.016890697181224823, 0.0173872672021389, 0.018155096098780632, 0.017749104648828506, 0.017869794741272926, 0.018972523510456085, 0.01714433543384075, 0.016231153160333633, 0.016914047300815582, 0.01618473418056965, 0.017207486554980278, 0.0173630528151989, 0.01799427904188633, 0.01624809205532074, 0.016471760347485542, 0.01704009436070919, 0.017076943069696426, 0.016119692474603653, 0.014917545020580292, 0.01484473142772913, 0.014256726950407028, 0.015288002789020538, 0.015860099345445633, 0.014770451933145523, 0.015872322022914886, 0.01329858135432005, 0.012660620734095573, 0.010860654525458813]
Len second layer: 35
GRU
First layer: [0.04400337114930153, 0.032249391078948975, 0.029060030356049538, 0.027540799230337143, 0.025749625638127327, 0.027421725913882256, 0.025474658235907555, 0.02506210468709469, 0.025165464729070663, 0.023937081918120384, 0.0253561120480299, 0.02312363311648369, 0.023711372166872025, 0.02275201305747032, 0.02194608375430107, 0.02139049395918846, 0.02310994267463684, 0.02219299040734768, 0.022834058851003647, 0.02449209801852703, 0.025280199944972992, 0.02247392013669014, 0.02043294347822666, 0.021501298993825912, 0.02037489041686058, 0.019079888239502907, 0.018342766910791397, 0.018242893740534782, 0.018310004845261574, 0.018867069855332375, 0.0176934115588665, 0.016010547056794167, 0.015309111215174198, 0.012370309792459011, 0.009482523426413536]
Len first layer: 35
Second layer: [0.06197083741426468, 0.061313197016716, 0.059776924550533295, 0.05859242379665375, 0.05877220630645752, 0.05717400088906288, 0.05557140335440636, 0.05411083623766899, 0.05407175049185753, 0.05309329554438591, 0.05202357470989227, 0.051499925553798676, 0.05025491863489151, 0.04835990071296692, 0.047608621418476105, 0.04745819792151451, 0.04674345999956131, 0.04679260775446892, 0.04553591459989548, 0.04552188888192177, 0.04353158175945282, 0.04159575700759888, 0.04121784493327141, 0.03886621445417404, 0.03701154142618179, 0.03579019010066986, 0.03443652018904686, 0.03357376903295517, 0.03439422696828842, 0.032014574855566025, 0.03064521960914135, 0.02927953191101551, 0.023936443030834198, 0.020048312842845917, 0.013734041713178158]
Len second layer: 35
